L = 6
K = [400 400 400 400 400 400]
T  = 100
Tb = 100
B = 10
C = 100
G = 20
Gs = 20
alpha = 0.001
lambda = 0.001

N_krapiv = 3000
N_smallw = 3000
N_er = 3000

z = 1000
