L = 6
K = [400 400 400 400 400 400]
T  = 100
Tb = 100
B = 10
C = 100
G = 20
Gs = 20
alpha = 0.001
lambda = 0.001

N_krapiv = 1500
N_smallw = 1500
N_er = 1500

z = 500
