L = 6
K = [400 400 400 400 400 400]
T  = 100
Tb = 100
B = 10
C = 100
G = 20
Gs = 20
alpha = 0.001
lambda = 0.001

N_krapiv = 600
N_smallw = 600
N_er = 600

z = 200
