L = 3;
K = [100 100 100];
T  = 20;
Tb = 20;
B = 5;
C = 100;
G = 10;
Gs = 5;
alpha = 0.1;
lambda = 0.001;

N_krapiv = 100;
N_smallw = 100;
N_er = 100;

z = 200;
