L = 3;
K = [100 100 100];
T  = 2;
Tb = 2;
B = 2;
C = 100;
G = 1;
Gs = 1;
alpha = 0.1;
lambda = 0.001;

N_krapiv = 100;
N_smallw = 100;
N_er = 100;

z = 200;
